$ANSIBLE_VAULT;1.1;AES256
36626162653439343763323430656337316438316131653430376533633231326366646663323132
6332383264623438383132663766616137373064333233630a393161323166346463356331326265
37363933366465636337383265663735653361356134653737306237333261643931316364393231
3739353639313061660a616334303934646566333163653032326263333864626232353232313337
34353036323163323639383234343935623633396461613731346435376238343238616234336132
36363237303661656162323637383839393566306462663461363536343031363565343234396364
38306266613064393261323032353138366664646662646438653733633337313338616437383635
31363036353862363665636661343135626364373035616364363164383732346363656639396139
30663761306537623636666365643763343065353832323738313536393264313935363731623164
34333466316462623764376336313063623361643730313237666631326537323736303532393335
66326631336438326562623738626237333931306564643464663031663761623939373137666235
31613734343964666330666235376363663038623335386134333738383563633832316332643039
61303437393235653034616337646137643864613633343834313632326139656634626261396466
33616631376232313463366661393866333936613263616437386332623431323561353261636365
39333938343465323231613436626331383032653430666634616132333565393031313136653732
37356266373939363663353666326632346364326237326230616435333664323235646361356166
31333833336661373465373537323637393034653334643831373535313865656163653866326432
34646333316562616666623235623534376136663464633634613431653261366538336330643836
39613436356134653839633961623362326236313439663066323631323866636334326335346332
34386339373332633162346230373365313834383338643066383962383964393131313932376464
39313865303334613133363237383430356537633164653031653933393637653033613038366233
32333566353434323839356262333135663362336234663934303732386433386435373765363932
34383765646666336630356633396530653862356266333132303933376136353034636261353737
32633066653332343736353264353466613938366338353265386330656139613331633235333739
64656132616365633932313863366631326231323038386239653363353332663962656163383665
6131616565636565343865633065356261366264383930393862
