$ANSIBLE_VAULT;1.1;AES256
32353633666633663939343731326538386435316536306536333630613062656664336233316366
6535356236616434383233663133623238653966303963640a623831383732373836613437326366
66633938363862393364626232343664643130386637653730373939303764373561613864643231
3530633963373630660a633265333664376661373064303631373739643231633630333539653730
39666136646562353961303135313565336438636638636137623237353238646362383338626130
31363130613436316239303365646663613938313866386464333037663864366164313630313230
33383836303266373163613133366464306638356532663464346238396433636139383934323539
66323761326362623663376139376434663433326262396338303265373030383630613537336261
39356665643633363137623133386666383639656434386434663063333734626435653739393231
31616630326262306135666666313431653038613063363739633062363039646431343037303439
63636466633836386166366339393734303831353732616662656635366364393264323935333465
35616335666231333638383337653161653166343863366130666336613461366234313338303039
64633933316331666235356437633538313931626262393239306636643938663339663835366637
31323933613033316266633235396133626562646332386331326365396265376234356661353336
63363538656330313137323366316165326434616130613863646138626561333465633938363366
31363739393437653034306462353162663635326438356261636539393935386562353266353662
30636637326563616338643738663466393965333261316536343766623334626535376663323963
65306438303635393263633930663437313964363533353862656139646433323864646530333238
31623262666434353334393963643963343462653831356233663864623961323834623263313030
38646566616363343864633465346232643436643832626231666433633063616532383933373738
64373138663836333866393031336530623065333037303366343065343738383030323237653461
30643930396230373165316462323632623832303261366235396136623465306436373466383639
38353438646161656539333937386639396334363365393363626364393339356566643066626537
62333138626430656432623962346532326436326565363739656531363336363331386436383363
3737
