$ANSIBLE_VAULT;1.1;AES256
30633735306239613763303833366238333563353962393739633130666133613630303736323739
6239356632333438663434393334616231346134333234300a346461643261366565316631623131
62313963636262333731646264363265613363336561653131663261643935333036646235363638
6232656438326132310a303464343662623261363961373530643861313766656662313665333531
33623539643336666339396636653364663261303363356264306134313036613861626233656538
66613635333033656434643538663564646330346165396562353031303538393038616662383864
63313138323038396133346131363165653933616263313533313832633965366533653730626666
66353661366364663437306261643961343366326465353937396466646666323439353939393366
65363966636436306466633235366439323835336331313731333866626462353465663232363534
39323436613166343732323763326565643465363563343064363139333164633465303063383133
35643064303230323731333465313166343534366435643963643134346234393537386437653233
31363937346666626164373163613536376565323763316439373434623261623362613036376566
63336461313561636430656663353264386630336561303332373465316435343163613665356662
6661623830383165363966343965383638616535323264626134
